accuracy: 0.9074402125775022
f1_score: 0.19615384615384615
precision: 0.1827956989247312
recall: 0.21161825726141079
roc_auc: 0.7060755623498581
